1 0.495522 0.63 0.143284 0.12
1 0.392537 0.188333 0.080597 0.036667
0 0.7 0.448333 0.074627 0.043333
0 0.574627 0.278333 0.092537 0.05
0 0.38806 0.265 0.119403 0.03
0 0.298507 0.393333 0.125373 0.04
0 0.592537 0.21 0.044776 0.04
0 0.608955 0.146667 0.041791 0.046667
2 0.31194 0.846667 0.313433 0.146667
1 0.286567 0.556667 0.161194 0.093333
2 0.231343 0.456667 0.289552 0.08
2 0.874627 0.285 0.149254 0.09
1 0.829851 0.23 0.095522 0.033333
1 0.80597 0.196667 0.077612 0.033333
1 0.774627 0.173333 0.068657 0.026667
0 0.753731 0.153333 0.050746 0.026667
1 0.722388 0.081667 0.059701 0.023333
