2 0.671667 0.615 0.263333 0.196667
2 0.328333 0.855 0.436667 0.276667
1 0.805 0.94 0.33 0.12
1 0.921667 0.748333 0.156667 0.136667
2 0.345 0.458333 0.39 0.163333
1 0.69 0.386667 0.153333 0.066667
1 0.88 0.44 0.14 0.1
0 0.975 0.516667 0.05 0.06
1 0.63 0.186667 0.153333 0.053333
1 0.485 0.281667 0.19 0.063333
1 0.405 0.221667 0.083333 0.036667
1 0.22 0.231667 0.193333 0.07
1 0.696667 0.128333 0.1 0.036667
1 0.59 0.11 0.133333 0.04
1 0.343333 0.16 0.246667 0.066667
2 0.753333 0.071667 0.18 0.07
1 0.571667 0.346667 0.136667 0.053333
0 0.691667 0.285 0.063333 0.036667
1 0.045 0.713333 0.083333 0.106667
