2 0.396811 0.67 0.163227 0.126667
2 0.055347 0.456667 0.110694 0.073333
2 0.366792 0.438333 0.050657 0.036667
2 0.693246 0.85 0.163227 0.2
2 0.494371 0.566667 0.080675 0.066667
2 0.677298 0.661667 0.198874 0.096667
2 0.580675 0.66 0.005629 0.006667
2 0.667917 0.31 0.093809 0.033333
2 0.621951 0.366667 0.054409 0.04
1 0.666979 0.383333 0.02439 0.02
1 0.621951 0.53 0.0394 0.04
1 0.747655 0.535 0.114447 0.103333
1 0.791745 0.433333 0.056285 0.06
0 0.758912 0.37 0.028143 0.02
0 0.631332 0.4 0.028143 0.013333
0 0.452158 0.336667 0.015009 0.006667
2 0.530019 0.303333 0.054409 0.02
2 0.406191 0.28 0.031895 0.013333
2 0.585366 0.246667 0.045028 0.02
1 0.555347 0.261667 0.037523 0.016667
1 0.745779 0.458333 0.046904 0.023333
1 0.603189 0.226667 0.020638 0.006667
0 0.781426 0.238333 0.016886 0.01
